*Vertices 75
0.025673228
6.9085792507312E-4
0.017016293
0.017016293
6.9085792507312E-4
6.9085792507312E-4
6.9085792507312E-4
6.9085792507312E-4
0.001727145
6.9085792507312E-4
0.004738748
0.176098530
0.008199792
0.004738748
0.004738748
0.004738748
0.020512441
0.011536592
0.011536592
0.012201617
0.013852795
0.013267036
0.013267036
0.051446692
0.057555668
0.097463290
0.079378503
0.104042525
0.024666177
0.019807842
0.002614429
0.018283545
0.004738748
0.014646617
0.017824839
0.017824839
0.017075703
0.017075703
0.017075703
0.010600715
0.002622703
0.064030777
0.012413172
0.016782664
0.006398144
0.001659396
5.4018967081293E-4
0.020074240
0.298179183
0.060493733
0.003176668
0.060233897
0.001906133
0.294568353
0.009554582
0.113481072
0.358800124
0.317293579
0.175757473
0.260641142
0.324608925
0.281327034
0.323213063
0.290530727
0.124589626
0.007634323
0.045994449
0.049740453
0.046556324
0.030148227
0.012878612
0.021506534
0.021506534
0.024808261
0.053852790
