*Vertices 75
0.025673277
6.9085983339131E-4
0.017016328
0.017016328
6.9085983339131E-4
6.9085983339131E-4
6.9085983339131E-4
6.9085983339131E-4
0.001727150
6.9085983339131E-4
0.004738756
0.176098737
0.008199822
0.004738756
0.004738756
0.004738756
0.020512595
0.011536741
0.011536741
0.012201778
0.013852961
0.013267191
0.013267191
0.051446921
0.057555790
0.097463443
0.079378596
0.104042656
0.024666220
0.019807888
0.002614442
0.018283594
0.004738756
0.014646642
0.017824878
0.017824878
0.017075740
0.017075740
0.017075740
0.010600722
0.002622709
0.064030822
0.012413196
0.016782693
0.006398156
0.001659400
5.4018955023720E-4
0.020074237
0.298179151
0.060493777
0.003176674
0.060233941
0.001906135
0.294568394
0.009554585
0.113481046
0.358800106
0.317293512
0.175757429
0.260641078
0.324608857
0.281326965
0.323213002
0.290530657
0.124589594
0.007634321
0.045994532
0.049740543
0.046556405
0.030148272
0.012878634
0.021506531
0.021506531
0.024808298
0.053852777
