*Vertices 75
0.181414291
0
0
0
0
0
0
0
0
0
0
0.574939739
0
0
0
0
0.039044913
0
0
0
0
0
0
0.135623945
0.030213585
0.077198417
0.015816113
0.056719919
0.027212144
0.008484512
0
0.008808407
0
0
0
0
0
0
0
0.007307479
0
0.011685206
0
0
0
0
0
0.027027027
0.170606070
0.017477167
2.2919201001393E-4
0.019349315
1.8511662347279E-4
0.119829792
0
0.028446695
0.044492611
0.001159236
0
0.001159236
0.005294868
0.002043334
0.032079000
0.002043334
1.5867139154810E-4
0
0.005196999
0.005196999
0.005092981
0.004050505
0
0
0
4.6279155868197E-4
0
