*Vertices 75
0.432748538
0.303278689
0.415730337
0.415730337
0.303278689
0.303278689
0.303278689
0.303278689
0.303278689
0.303278689
0.395721925
0.649122807
0.415730337
0.395721925
0.395721925
0.395721925
0.391534392
0.342592593
0.342592593
0.342592593
0.342592593
0.342592593
0.342592593
0.465408805
0.462500000
0.521126761
0.474358974
0.521126761
0.404371585
0.430232558
0.320346320
0.420454545
0.395721925
0.397849462
0.406593407
0.406593407
0.406593407
0.406593407
0.406593407
0.371859296
0.344186047
0.395721925
0.354066986
0.402173913
0.400000000
0.289062500
0.257839721
0.345794393
0.517482517
0.437869822
0.333333333
0.435294118
0.312236287
0.528571429
0.350710900
0.395721925
0.483660131
0.391534392
0.359223301
0.391534392
0.400000000
0.393617021
0.477419355
0.393617021
0.360975610
0.284615385
0.468354430
0.468354430
0.456790123
0.462500000
0.402173913
0.344186047
0.344186047
0.383419689
0.355769231
