*Vertices 75
0.025673187
6.9085633365971E-4
0.017016264
0.017016264
6.9085633365971E-4
6.9085633365971E-4
6.9085633365971E-4
6.9085633365971E-4
0.001727141
6.9085633365971E-4
0.004738741
0.176098357
0.008199766
0.004738741
0.004738741
0.004738741
0.020512313
0.011536467
0.011536467
0.012201484
0.013852656
0.013266906
0.013266906
0.051446500
0.057555566
0.097463163
0.079378425
0.104042415
0.024666141
0.019807804
0.002614417
0.018283504
0.004738741
0.014646596
0.017824807
0.017824807
0.017075673
0.017075673
0.017075673
0.010600708
0.002622698
0.064030739
0.012413152
0.016782640
0.006398134
0.001659392
5.4018977136427E-4
0.020074243
0.298179210
0.060493696
0.003176662
0.060233861
0.001906131
0.294568319
0.009554579
0.113481094
0.358800139
0.317293636
0.175757511
0.260641196
0.324608982
0.281327091
0.323213115
0.290530784
0.124589653
0.007634326
0.045994380
0.049740379
0.046556256
0.030148189
0.012878594
0.021506537
0.021506537
0.024808230
0.053852802
