*Vertices 75
0.025673220
6.9085761485952E-4
0.017016287
0.017016287
6.9085761485952E-4
6.9085761485952E-4
6.9085761485952E-4
6.9085761485952E-4
0.001727144
6.9085761485952E-4
0.004738747
0.176098496
0.008199787
0.004738747
0.004738747
0.004738747
0.020512416
0.011536567
0.011536567
0.012201591
0.013852768
0.013267011
0.013267011
0.051446655
0.057555648
0.097463265
0.079378488
0.104042503
0.024666170
0.019807835
0.002614427
0.018283537
0.004738747
0.014646613
0.017824833
0.017824833
0.017075697
0.017075697
0.017075697
0.010600713
0.002622702
0.064030769
0.012413169
0.016782659
0.006398142
0.001659395
5.4018969039962E-4
0.020074241
0.298179189
0.060493726
0.003176667
0.060233890
0.001906132
0.294568346
0.009554581
0.113481076
0.358800127
0.317293590
0.175757481
0.260641153
0.324608936
0.281327045
0.323213074
0.290530738
0.124589631
0.007634324
0.045994436
0.049740439
0.046556310
0.030148219
0.012878609
0.021506535
0.021506535
0.024808255
0.053852792
