*Vertices 75
22
1
11.500000000
11.500000000
1
1
1
1
2.500000000
1
1
87
3.500000000
1
1
1
25.500000000
23.500000000
23.500000000
25.500000000
25.500000000
23.500000000
23.500000000
43
24.500000000
43
25
32.500000000
10.500000000
12.500000000
3.500000000
8.500000000
1
3.500000000
15
15
13.500000000
13.500000000
13.500000000
3
1
19
6
4.500000000
3.500000000
2.500000000
1
3.500000000
50.500000000
16
2
15
2
56
2
17
55
42
21.500000000
33
45.500000000
37.500000000
44
39
16
2.500000000
23.500000000
25
22
13.500000000
4.500000000
5
5
11.500000000
7
